500
325
352
389
467
690
360
508
900
654
5
132
276
311
610
652
815
939
416
748
924
860
208
411
441
594
679
530
887
13
241
972
693
638
142
370
323
555
743
391
170
14
975
656
121
127
312
655
821
921
954
998
627
212
431
448
533
196
591
404
877
62
24
260
540
549
761
807
112
776
145
154
480
880
870
451
738
92
442
514
718
775
906
210
245
364
406
473
539
680
742
771
803
320
506
73
396
468
502
658
780
820
955
275
842
546
11
125
203
565
604
732
951
25
326
429
500
687
745
757
791
9
400
925
644
830
367
329
704
28
286
786
851
950
300
888
181
240
723
931
362
440
756
34
247
379
854
294
848
933
120
889
98
193
287
313
347
557
855
923
944
994
149
211
333
430
507
532
802
864
107
497
38
184
228
541
551
677
736
823
942
282
936
811
177
302
520
712
845
922
983
89
576
299
456
35
219
462
741
209
281
450
706
865
342
42
397
708
60
197
78
268
516
746
314
346
377
592
611
986
460
194
272
499
886
509
22
140
457
164
421
550
103
77
213
663
713
852
23
159
784
850
908
754
48
315
707
505
216
560
308
267
393
439
648
692
772
859
874
962
100
863
230
348
616
755
971
725
277
969
602
669
305
356
588
645
296
650
667
970
278
554
81
412
785
261
293
109
202
239
561
647
997
70
148
192
292
423
433
574
39
254
279
538
640
719
301
914
50
189
309
378
536
724
913
483
843
682
899
113
463
515
959
135
435
201
436
380
926
849
606
3
136
446
966
319
358
174
217
575
187
764
167
629
768
139
354
17
387
176
361
570
875
728
316
488
907
614
978
790
21
328
605
722
792
867
381
641
730
83
4
826
303
334
896
992
621
812
623
963
613
178
569
694
349
831
351
556
964
729
29
90
649
836
63
804
787
596
567
727
839
106
75
671
948
766
369
486
778
878
987
597
425
504
19
559
779
827
829
284
340
739
819
822
976
233
251
283
472
593
420
895
16
222
869
274
45
255
453
799
166
917
41
890
672
733
935
809
205
374
110
479
489
938
584
642
646
7
531
232
777
111
485
893
688
87
43
122
905
298
186
179
678
626
33
989
357
1
258
844
225
235
265
229
141
74
317
493
477
767
220
747
519
56
639
702
691
491
734
526
332
